372640
644519
1096510
1440804
1941321
2094459
2586481
2853098
2926404
3167611
3838289
3894828
4336152
5373988
6140476
6518148
6591020
6703989
7139948
7474998
7727279
7884249
8003732
8236429
8626692
8663781
8959237
9593852
9799601
9851293
11568374
11830449
12517181
12687978
14342070
15059423
15100583
15531062
15997087
16008551
16717097
17739994
18032571
18213412
18640251
19872422
19918259
21058884
21145487
22404031
22697938
22948999
23438187
23868743
24089408
24179282
24540971
24689916
27558195
27796276
27927697
28887338
29292220
30052740
30214454
30625729
30695158
31700866
31707867
31784578
31806524
31873195
32037157
32155460
32227245
33332413
33619499
34436183
34460008
35273793
35585171
35940542
36892471
36967503
37082294
37394821
37500621
38758525
39531224
39571411
39733124
39774357
39836749
40293733
40332409
40760809
40847852
41196534
41472679
41638055
41797835
42226568
42229224
42263532
42272064
42894346
43574627
43608787
43990925
44394475
44454720
45606146
45691340
46075221
46369091
46726843
46791262
47368314
48301751
49925767
50037743
50264627
50447728
51223392
51240012
51961301
52153910
52400682
52541515
52973819
53318101
53352582
53473054
53563538
53826012
53895020
54130763
55605586
55654198
55865607
55938228
56127858
56547820
56687887
56933261
57656133
57681932
57819430
58389510
59805555
60241667
60419028
60560824
60761131
60947771
61164133
61369409
61687920
62634761
63056231
63223373
63571689
63701025
63710857
63754308
63891464
64318834
64466129
64541018
65151514
65611138
65652182
65661797
65725469
65767805
66733934
66886886
66968626
67228019
67378977
67519486
67561587
69545853
69664995
69676317
71210505
71214557
71636295
71644191
72538379
72912552
72955516
72974861
73389321
73569332
74146123
75953188
76430606
76744340
76789137
77437644
78039272
78446067
78484707
78658025
78740252
78852673
80774171
81062149
81709831
81969087
82275440
82624483
83143470
84256195
84296313
84586543
85134919
85251534
85410776
86055433
86127491
86422836
87307081
87366540
87445192
87464076
87727004
87751987
88750295
88841322
89559754
90833719
91187664
91363177
91506566
92031456
92384765
92554869
92822374
93216891
93508441
94503880
94657398
94737806
95348255
95678128
96202845
96216564
96665881
96686721
96847365
97263457
97597086
98312326
98922595
98960957
99380266
99732422
100533590
101898102
102557902
102827065
102937240
103039996
103193036
103478679
103958115
104321200
104695584
105423873
105451505
105484115
105657945
106708137
106789468
107083321
108018968
108150560
108482466
109136797
109323562
109410774
109826428
110136797
110664728
110839348
110853139
111431526
111751732
111932863
112667725
112684883
112734590
113635046
113821878
114124548
114765283
114833020
115843114
115957792
116189252
116285904
116829103
117023607
118600129
118987845
119263260
119372982
120075229
120373905
120374311
120502857
120679624
120993572
121741442
121832119
122224166
122921259
123088031
124487018
124761827
125135270
125163181
125223454
125307958
125798462
125942390
126149847
126495732
126926901
127160926
127486432
128204604
128210635
129285985
129571114
130333295
131093488
131426713
131489502
131543854
132070160
132752990
132785320
133005921
133008075
133268070
134075041
134162404
134297851
134569411
134960033
135694231
135978742
136138249
136194009
136555931
137306875
137608010
137913198
138578695
138913727
139009402
140227602
140343103
140842210
141322557
142271346
142669986
142894428
143838257
143877567
144873692
145056552
146118431
146216810
146479945
146688598
147638017
147901904
148568292
148622353
148626387
149150533
150428401
150437719
150859370
150981661
151113595
151201826
151614152
152157899
152382197
152569677
152971072
153072868
153640465
154241085
154629965
155253219
155777013
156061438
157729016
158200829
158452210
158531635
158597693
159092106
159200893
159321992
159510282
159610863
159716002
159824461
160052503
160742442
162381874
162467380
162652851
162835814
163185190
163345927
163639799
164536845
164845516
164887341
164916930
165052821
165429108
165798400
166635531
166901736
167692061
168070827
168323705
169664468
169720715
170186705
171511818
172030395
172613981
172848910
173934305
176889580
177199617
177210785
177248396
177254742
178521515
178872711
179005717
179921524
180654769
181019705
181110849
181826240
181849517
181915682
182110442
182138260
182490251
182696781
182720944
182860610
183208512
183885311
184377570
184661407
185653365
186133531
187677327
189124813
189356556
189475191
190629302
190723197
190781860
191300062
191731197
191920264
193228472
193361894
193798385
193948438
195616435
196099305
196147398
196164612
196534161
196670351
197734150
198239154
198348804
198531668
198822355
199204063
199313667
199723594
200460938
200478791
201870504
202315438
202887380
203148846
203614421
204351196
204920891
205626359
205700299
205797307
205970804
206576793
206898000
206985539
207481239
207765621
207867767
207875881
208042046
210087879
211050358
211082903
211350256
211451889
211701174
212023834
212544594
213277396
213430171
213798141
213898825
214569844
214898338
214951683
215252185
216231529
216472068
217012499
218198099
219326917
219622212
220923089
220961035
221170766
221628864
222138557
222528087
222829318
223063590
223130300
223513827
224858135
225878241
226971969
227225760
227346126
227555181
232197182
232223225
232348040
233623600
233718316
233862774
234094984
236322839
236454649
236625292
237318988
237647016
238050811
238383317
238654835
238838792
239583303
239854751
239859885
239956823
240017116
240062027
240154628
240222453
240505428
241045792
241149380
241234930
241836836
242412802
242739070
243248331
243336518
243844961
244282454
244863685
244952060
245165489
245734208
247852537
248114612
248776292
250536361
251677137
251734534
251761370
251844318
252037524
252105067
252199875
252581417
252731166
253211891
253442002
253987035
255032628
255483344
255572374
255797922
255885579
256347709
257444005
258425142
258881179
259011670
259392807
259494426
259616395
259800322
260270493
260653872
260678539
261272701
261380832
262079069
262380845
263146636
263273582
263517147
263522785
266634831
266863077
267586048
268408459
268434860
269921366
269962296
270295883
271381873
271571166
271989249
272136527
273053079
273622077
273731030
274635048
274811209
274989973
276617413
276657832
276836911
277527957
277731264
278142323
278291111
278339059
278658852
279354216
279590069
279804318
280780625
280937649
281058250
281428454
281668567
281686535
282214544
283300845
283322451
284065954
284378167
285058640
285210480
286083912
286132330
286336028
287003339
287197387
287962657
288008489
289275966
289555596
289631198
290679214
291145302
292120019
292645030
293159122
293675805
294230873
295049619
295060152
295327384
295657088
296211036
297709308
298015066
298063200
298259334
298888835
299273442
299317008
300206082
300708778
301478782
302336732
303496519
305203195
305381539
305610117
305634377
305685038
305746372
305751536
307027101
307959134
308147504
308749038
308842704
310449159
310603797
311444192
311702022
312215438
312478780
312660019
312930178
313291520
314019009
314644546
314813923
315923113
316436111
316832409
316834161
316845400
316865245
316985711
317136371
317212960
318187357
318740696
319017022
319041726
319416020
320173063
320690569
320820002
320971712
321240446
321497566
322219953
322592729
323130996
323207481
323684568
325044582
325581205
325625889
325674045
326137961
327002089
327049647
327187469
328805316
328965494
329072506
329618138
329711753
329717753
329992790
330118794
330175296
330758535
331073995
331429548
332208993
332258876
332550478
332588546
332673505
332717300
333120908
333846925
334166097
334594491
336680890
336800802
337683583
338137390
338221730
338319619
340124736
340857720
340933250
341441644
341969005
343942172
344299595
344380297
345805963
345865504
346035953
346117328
347463672
347978564
348386355
348589983
348739307
349016417
349684508
351945258
352412116
352571192
352909524
353030792
353301222
353416138
353658241
353809201
354305564
354575356
354686438
354865128
354897444
354990464
355898912
356191119
356517643
356694363
357062433
357768173
357790600
357878429
358761404
358872110
359167800
359560232
360318294
360615277
361304138
361973507
361992383
362107168
362190137
362266400
362483696
363798160
364333084
364419635
364892719
365094348
365872091
366215403
366308910
367120562
367461483
367885040
368723765
369505724
370436917
370541030
370647805
371856377
372776262
373184398
373325748
373424049
373490714
373930853
375252120
375382304
376018099
376550337
377275477
377361353
377540040
378127084
378320436
378383541
378404132
378996210
379047331
379150322
379209685
379213500
379361943
379423773
380462197
381938984
382069605
382146577
382420336
382596849
382677049
382949673
383100999
383367797
383788678
384239271
384431421
385730642
385977851
386136159
386304276
387102048
387674722
388253565
388578668
388604269
389810335
389968496
390613923
390879093
391459285
391576688
391670033
391810676
391831166
392242988
392391214
393358487
393941057
394323212
394361445
394625331
394837049
395059614
395242049
395723929
396190494
396454179
396829630
398119984
398492222
400054754
400311973
401199840
401473173
402150155
403036764
403152337
403662241
403909323
404082407
404484946
404898027
405434300
405980976
406407368
407537663
407769244
407806844
407930712
408015160
408113971
408267057
408800177
408895919
408961388
409489196
409562618
409926898
410370889
411557918
411649354
412174246
412179300
412254371
412616499
412699757
413239314
413967455
414452401
415318444
416172131
416381163
416869077
417180611
417471873
417537323
417605016
417733389
417954809
418640533
418649256
418813534
419093681
419499254
419582650
419957908
420551473
421025640
421220092
421227032
421678778
422865597
422877092
422973755
423083063
423469374
425495139
425694271
425886258
426600423
426703015
426882955
426953574
428972306
429537218
429729377
430926241
431250788
431301247
432248888
432540164
433228053
433683696
433962062
434163946
434294328
436294784
436382793
437359318
437445508
438632262
438660278
438686686
438962681
441266249
441423835
441511374
441623361
442029866
442389814
442509199
442562546
443150614
443726461
443817112
445290085
445294946
445625755
446144590
448217853
448947284
449115419
449331612
449911092
452040887
453304459
454426776
455436368
455528251
455853831
456096545
456362059
456686577
457246356
457273635
457546093
457709917
458686542
458867104
459109747
459201822
459209434
459568048
460346867
461127276
461517042
461743393
461993709
462122349
462272269
462490917
462814920
462903787
463329647
463420231
463562259
465281324
466939072
467864243
468212532
468556597
469233441
469241219
469249872
469685891
470340129
470462744
470600726
471703800
471709721
472511615
472647103
472878146
473141938
473386555
473661991
473782001
473914870
474041843
474870118
475216774
475398196
475998400
476791671
476802323
477208912
477528897
478006940
479021291
480372732
480415483
480643260
480676252
481068683
481236767
481411898
482503063
482560125
482663178
482777380
483689191
483816216
483849372
484288764
484481993
485112544
485118497
485202074
486546558
486878522
487253667
488889776
489167774
489190204
489583076
489761789
490069789
490563243
490590304
490835635
491515979
492071058
492162402
492285343
492514735
493086362
493168191
493330664
493427398
493775633
494309673
494383540
494568422
495353042
495374048
495633281
495758998
496071201
496953872
497085433
497307467
498224644
498359721
498567647
498945798
499704799
500054508
500313752
500457503
500970896
501314006
501452697
501719229
501841852
501846083
502874333
503256497
503932853
504203648
505211045
505739536
505860160
506044124
507120379
507340307
507540100
507635196
507683020
508332356
508499785
508660051
509233476
509330486
509430794
510192966
510290516
510676734
511278840
511504577
511758738
511788454
512151179
512468839
513168577
513375311
513582308
514226216
514364523
515606582
515797634
515898933
516633767
516889345
518519562
519261597
519810204
520175895
521204931
521393590
522768008
523194128
524062793
524387930
524689448
525347856
525954339
526472014
526999960
527006612
527558925
527612892
527666351
528019237
529118833
529466730
529553960
530015029
530180150
530261303
530294315
531767176
532848041
533613977
533926701
534161868
534191589
534577759
534743064
535861026
538086099
538994571
539425601
540429925
540556270
541553168
542102052
542190138
542443853
542852182
544346090
545191222
545346038
546484134
546512014
547218500
548419604
548553817
548840108
549236916
549835509
550715244
551102728
551131693
551227837
551658845
551711861
552231963
552387400
552408988
552630761
552870083
553013264
553645703
553678039
554719481
555249205
555533907
556418223
557930207
558013065
558172337
559135024
559797702
560169603
560505088
560683367
560858115
561232601
561981118
562041085
562177199
563309842
563413129
563648874
563830238
564316015
564323485
564888377
564986610
565768469
566089546
566225029
566250462
566365022
567472916
568174747
568315522
568579171
569415255
569709597
570600812
570823938
570829314
571112561
571127239
571392723
574797436
575628247
575653957
576566653
576913052
577014856
577297105
577979740
578583823
579360088
579632123
580118253
580456349
580758096
583184992
583718002
583809488
583881536
583890816
585070782
585180684
585338846
585375406
585691128
587070863
587561262
587930206
588550914
589324988
589464119
589503802
589982247
590108263
590268429
590823077
591594294
591699440
591870469
591920474
591987137
592084048
592105020
592521353
592579118
593391073
593403420
594167022
594675743
595758987
596062458
596094347
596463627
596631102
596686683
596728245
596826351
597199872
597230407
597551981
597602767
597669443
598254342
598641260
599106622
599310182
599766723
599895628
600430971
600547481
601177067
601707855
602419417
602983961
603280237
603440364
604286539
604368638
604584172
604967440
605101206
605460267
605949929
606237847
606356306
606434570
606477832
606944892
607780733
608084722
608394075
608499351
610413611
610432034
610809698
611127984
611372699
612422778
612919853
613231717
613247390
613402093
613817140
613841703
613965126
613994900
615192518
615454165
615938470
616033694
616371296
616743309
617119081
617620059
618407262
618762027
618787519
620044778
620115123
620148813
621380196
621726959
622042693
622219194
622253715
622334647
622675030
622783244
623950912
624101728
624266103
624640061
624913903
626081640
627154918
627175291
627477749
627771500
628631531
628679570
628707489
628741343
628988404
629096490
629445420
629767158
630615733
631248741
631653599
631737740
631752424
632268493
632547292
632714681
633217144
634237462
634713305
635325751
636189242
636250029
636873537
637181982
637189388
637716133
637863506
637892544
638428078
638518035
638727159
639252834
640322633
640379151
640733990
641463791
641574560
641717568
641856604
642804576
643772426
643992054
644378258
645048581
645298588
645503840
647363593
647406098
647478703
647523442
647648360
647882791
648236000
648274216
648454993
650092926
650102523
650199515
650232445
650400918
650551609
650590962
651001270
651025677
651063392
652228804
652873824
654135542
654435869
654525678
654685893
654979672
655022451
655203392
655380390
655968894
656937789
657683959
658206308
658273163
658532492
658706590
660414288
662010504
662459992
662892596
662946219
663041274
664381726
664400440
664963362
665121990
665197746
665415521
668535592
668582047
669108738
669726422
669903247
669980761
670971835
671680758
672650180
672951847
673024388
673142066
674805099
674811141
675351697
675416099
676019961
676089573
676520130
676845101
677190393
677599037
677645660
678163999
678417416
678687693
679051068
679873786
680325504
680643767
682682017
682894794
683124505
683345887
683899169
684034038
684141995
684490993
684762760
685041317
685658075
686654935
686849815
687419831
688071776
688466014
688526468
689225316
689387714
689413528
690796098
691058756
691334721
691961828
692020433
692933642
693636700
693716911
694756083
695027329
695136314
696553242
696884413
697274729
697305190
697737532
698203033
698819769
699245508
700294812
700354377
700801080
701747861
702558952
703708290
703727625
703739964
703949234
704875118
705397083
705564890
706324366
706571511
706573926
707151382
707331400
708986132
709755699
710283108
710433973
711166994
711215064
711530413
712130806
712559410
712591810
712764408
712976461
712979311
713378636
713552131
713588460
713632117
713716124
714532866
715131970
715843583
718372166
718400604
719031717
719638322
720282214
720578219
720663359
721123095
722028175
722380953
722600164
722747067
723034047
723434839
724262005
724475932
725172907
725408499
725458060
725775191
725804420
725805353
726488194
726781378
727274808
728388007
728475950
728558246
728651878
729531051
729706839
730325340
731235389
731372662
731461659
732076667
732238804
733017848
733190154
733346840
733776206
734080457
734533779
735118089
735425338
735659861
735849656
737694313
737740043
738231686
738562773
738666629
739016608
739517245
739527979
739684435
739811652
740024020
740916550
741309627
741623942
741765990
741976659
742592512
743133780
743737697
744080325
744779203
744936582
745372670
745938051
747381213
747382436
747386924
747859480
748107805
748253949
748775333
748943447
749187851
750311470
750636968
750822459
750928609
751119178
751531374
752072833
752428560
752508271
753361361
753801978
754316148
754945953
754974312
755887289
756080633
756258440
756807794
756919326
758505613
759561209
759884487
760740725
761010602
761386965
761799740
761852299
762149850
763611457
764676689
764805479
764852411
765372305
765949685
766262003
766300990
766742242
768550407
768556944
769103940
769421459
769766557
770119282
770355320
770444303
770718868
770795346
772069163
772091537
772152672
772195823
772319642
772369986
772614456
773225554
773540290
773824967
773830220
774352619
774385992
774925493
775028120
775067430
775123070
775269271
775408765
775452485
775614981
776967618
777560021
777990734
778023510
778024577
778047331
778975772
779034111
779664812
779760684
779876402
780411868
780615961
780923778
780927436
781617207
782719882
784200331
784483535
784814399
785204047
785419953
785572790
785904848
786160022
786232271
786602474
788273624
788998148
789444449
789708827
791850405
792018449
792939747
794054778
794056862
794077387
794113650
794534603
794645344
794796961
796158600
796363687
796383798
796428346
796594090
796663761
797019137
797092450
797591325
797612552
798549551
798980958
799085005
799429995
799503440
799800391
800038635
800814567
801044498
801109596
801218643
801313334
801597899
801807356
801895083
802142742
802524275
802553495
802564627
802635370
802956035
803825731
804385837
804433484
804943601
805573756
805893584
806711181
806981696
807539331
808086250
808591172
808890103
809144968
809181271
809604261
809619087
809991149
811734535
811941498
812597951
812696112
812989059
813376100
813603948
813667845
814152137
814693438
814722058
815988590
816707824
817765488
818197179
818198530
818572248
820200848
820267731
820753847
821734894
822116296
822142169
822487843
822744120
822827535
822889943
824312437
824410585
826100937
827322303
828775078
828833115
829125737
829626726
829966080
830462927
831746507
832081944
833470909
833754413
835106494
835135979
836604125
836788450
836968471
837335044
837958006
837983241
838725254
839501596
840200065
840330178
840927394
841285612
841495209
841929373
841970820
842024606
842256904
842861889
843611684
843860355
844029790
844058682
844226574
845152509
845948463
846104938
846669512
848935069
849014859
849254387
849277975
849307227
849651699
850035015
850709108
850982029
851125156
852424855
852624723
852640432
853024358
853887639
853902509
854094610
854104793
855211292
855438215
855477219
857175042
857721350
858300821
858567475
858762954
859285488
859413838
860123521
860253360
860372802
861578090
861637497
861995367
862492159
862524692
863324893
863542751
863634208
864283642
864985082
865445555
865755256
865838080
865931779
866430748
866742789
866912551
866981075
867773973
868084440
868497747
869005691
869726787
870924887
871377691
871424176
871584726
871691905
872622725
872817306
873424429
873492680
873498829
873724547
874065436
874380727
875890729
876198304
876856570
876879736
877526495
877554322
877621830
877688633
877835111
878115492
878137358
879560776
880207737
881878847
882362996
882436939
882660893
882717209
882735070
883256694
883627713
884234142
884513368
884845414
884891277
885410356
885761761
886085615
886153187
886193283
886348202
886508808
887110818
887178583
887796558
888901924
889448273
889742466
890071203
890177376
890613823
890818779
891514736
891856602
892019263
892354998
892789062
893202395
893646936
894596564
895674759
896251443
896716176
897704059
897729886
900043983
900106209
900642581
900873567
900911152
902138057
902514316
902820026
902866302
902906756
903059578
903478151
904424572
906460251
906973156
907197277
907245804
907429844
907656147
907928864
909993389
911035750
911489101
911943568
912321220
912465888
912652068
913133277
913178314
913211399
913610369
913693792
913951910
914344927
915696316
915868077
916932832
916938877
917346773
918639748
919113419
919308035
919448484
919793520
920083354
920107540
920840082
920991694
921283129
921601002
922458604
923225310
923471312
923903940
924087014
924685930
926649672
927451791
927458867
928991704
929250561
930589754
931003949
931553983
931856537
932360473
932615793
932916651
933312710
933896275
934383367
934399965
934578691
934672978
935358769
936046512
936079629
936192781
938449879
939067214
940189881
940432129
940580761
941012038
942635955
943328564
943459712
943490127
944692389
944737373
945857248
945962719
946742782
947686723
948385161
948814378
949089167
949375574
949452602
949597527
949864524
949878302
950580474
950753458
951828860
951968764
952011154
952585595
953262723
953538704
954056534
954212793
954529341
954604047
954783170
954898159
956077848
956152454
956171281
956515076
957408466
958966022
960277783
960391546
961672254
962440664
962781059
963255839
963723858
963855894
963907122
964166187
964209253
964613285
964635614
965111695
965440558
965629082
965645817
965669209
965710775
966518897
966819488
967002832
967588812
968345634
968403135
968519418
968767369
968836008
968967869
969186129
969393989
969663470
970161051
970579727
970668105
970999508
971478776
971711930
972191566
972686713
972821187
972834715
973016080
973129394
973681423
974419274
974765801
975196209
975396578
976665352
977767691
978005473
978689913
978920489
979210632
979728565
979864357
980035020
980633257
981439454
981554836
981767604
982128401
982226252
982384438
982661763
982894329
983582337
984085948
984358711
984823801
985267723
985501307
986010295
986619254
986986745
987412385
987660633
987902795
988112309
988145009
988230675
988519281
988691018
988698801
988703772
988720375
989049217
990916105
991119843
991492896
991584353
991733064
991930007
993776291
993907440
995250701
995300684
995311175
995387480
995554840
996343020
996409845
996645806
996796023
997091780
997346514
997631046
997934133
998148948
998183663
998661514
998786867
998975397
999048389
999241344
999624467
999653193
999783480
1000141335
1000263413
1000539765
1001491795
1001616349
1002166022
1002218418
1002576949
1002631468
1002992946
1003428062
1003785704
1005234240
1005549728
1005830333
1006001853
1006095796
1006293581
1008874166
1009323216
1010181174
1010443871
1011283964
1011470329
1012275764
1012317279
1012464932
1013384431
1013586321
1014381157
1014767047
1015051068
1015076211
1015268948
1015389364
1015463377
1016209548
1017062690
1017153778
1017356221
1017400158
1017930031
1018132025
1018668092
1019058691
1019625977
1019721550
1019933111
1020510607
1020625627
1020924978
1020947389
1022168572
1022661575
1022780333
1023225090
1024124330
1024502044
1025098187
1025117405
1025364978
1025579723
1025645357
1026104899
1026324270
1026471390
1026472034
1026483642
1027127843
1027132247
1027599035
1028229859
1028703206
1028842919
1029196282
1030494800
1031980533
1032098955
1032158415
1032896670
1033065699
1033237977
1033314281
1033969719
1034228875
1034469087
1034638883
1034993912
1035218247
1035809401
1036082928
1036430512
1037960678
1038280089
1038545761
1039039440
1039210761
1039410583
1040408419
1040672108
1040819049
1041107405
1041375845
1041435270
1041441804
1041623190
1041778033
1042580686
1042669493
1042725439
1042798594
1043329475
1043392277
1043501715
1044616128
1044909172
1044985380
1045099768
1046095076
1047068602
1047487427
1048173625
1048195886
1048346430
1048455327
1048978682
1050042468
1050103775
1050187999
1051565039
1051798229
1052267897
1052318723
1052465933
1052956139
1054784085
1055017938
1055123987
1057057614
1057418676
1057695231
1057785086
1058301395
1058572129
1059463918
1059680591
1060409084
1060550474
1060575950
1060698643
1060794415
1060911607
1061986509
1062041338
1062197025
1062382539
1062673633
1063374916
1064310435
1064401237
1065120508
1065777916
1065808884
1066206408
1066395450
1066493989
1066771258
1067425980
1069506959
1070138881
1070516152
1070586562
1070989181
1071288479
1071830681
1071894412
1072748122
1073313006
1073980831
1074070790
1074100283
1076074264
1076805006
1077163030
1078226510
1078367584
1078520080
1078667356
1079805635
1080484023
1080582572
1080959236
1081450208
1081975067
1082191785
1082198034
1082551171
1082844753
1082974535
1083220075
1083371849
1083401525
1083591641
1083881857
1084369803
1084925885
1085636540
1085887293
1086291793
1086319404
1087624203
1087635274
1087983192
1088054320
1088271590
1088474497
1088801098
1088859369
1089193104
1089250015
1089872778
1090855635
1091137620
1091901257
1092131196
1092215088
1092708153
1093258415
1093658684
1093971278
1094059009
1094962791
1095057502
1095378876
1095917439
1096503036
1096996592
1097475865
1097778012
1098062047
1098171204
1098440432
1098699364
1099172331
1099413715
1099661857
1099687173
1099806073
1099867385
1100200152
1100302894
1100734957
1100952358
1100969642
1101098192
1102397144
1102523280
1102905558
1103242296
1103251099
1103327241
1103483574
1103488049
1104900372
1105477924
1105589986
1106337305
1106452387
1106892073
1107594437
1107901451
1108143312
1109552108
1110429548
1110602184
1111052192
1111824131
1113202153
1113271011
1113332223
1113491014
1113514987
1114380770
1114831022
1114877530
1114945567
1115007387
1115191725
1116206845
1116649334
1117011990
1117111884
1117263837
1118450158
1118697360
1119094947
1119332071
1120156526
1120433834
1120494392
1121039307
1121585466
1121587074
1122290308
1122357342
1122481741
1122615744
1122690130
1122717321
1123445225
1123587934
1124801007
1124805266
1125015722
1125126404
1125469159
1125895337
1126069405
1126457663
1126637314
1126735259
1126797741
1127488327
1127753362
1128017329
1128514333
1129356604
1129497857
1130029251
1130988195
1131307351
1133106595
1134726827
1136793307
1137053328
1138347151
1138952775
1139258581
1139602809
1139724105
1140133621
1141564486
1142203812
1142460577
1143310485
1143339112
1144874024
1145582849
1145761796
1145933372
1146010581
1146291143
1146379717
1147430837
1147768058
1148003260
1148090836
1148534033
1148891167
1149665225
1150143234
1150284590
1150449549
1150820449
1150897637
1151105697
1151405623
1151764912
1151774848
1152195063
1152966040
1153665599
1153822854
1154354395
1154741361
1154804902
1155916301
1156138014
1156707567
1157131519
1157143634
1157493270
1157541345
1157758627
1157782593
1157996671
1158449059
1158512580
1158718740
1160307860
1160743056
1162148620
1162869399
1164445691
1164523216
1164545318
1165576136
1166196957
1166894842
1167183731
1167351854
1168607016
1168798287
1169175935
1169752312
1171044563
1171180338
1171552358
1172534398
1172822762
1173210152
1173453422
1173871887
1174307414
1174489474
1175171206
1175821602
1175890866
1176195137
1176379640
1176541757
1176587506
1176810483
1177538562
1177731235
1178475850
1178507691
1178655634
1179754329
1179887915
1181093924
1181426004
1181924207
1182333160
1182695432
1182866488
1183753858
1184155447
1184329782
1184730184
1186725756
1186775814
1187768678
1188035257
1188053370
1188077067
1188824258
1189152431
1189158714
1189558965
1189738588
1189885426
1190015225
1190703306
1191345929
1191421278
1191953177
1193601631
1193952387
1193980098
1194219211
1194846475
1195360495
1197262103
1198050033
1198108520
1198754205
1198818509
1198895554
1199309052
1199581799
1199597067
1200300198
1200718261
1200752422
1200921823
1201199897
1201234748
1202087013
1203510356
1204081396
1204429117
1204541136
1204601536
1205637097
1205974163
1206085120
1206354044
1206783384
1207849327
1208337604
1208429417
1208715865
1209194398
1209512696
1209921294
1210079376
1210485505
1210574331
1211103168
1211112130
1211283789
1211860292
1212112657
1212596266
1213406788
1213510055
1214027113
1214192689
1214505720
1214582615
1214904772
1215204839
1215336492
1215834458
1215840721
1215943755
1216156586
1216259757
1216790391
1217158344
1217281583
1217868426
1218551521
1219459327
1220188609
1220724489
1221448905
1221942113
1222208623
1222302948
1222333741
1222699319
1222881102
1223615051
1223749945
1224293646
1224435937
1224797240
1227364918
1229502047
1231584463
1232560030
1232956728
1233351157
1233797769
1233953135
1234063942
1234392019
1234732860
1234955746
1235344677
1235507616
1235722802
1236105532
1236332446
1236353630
1236850405
1236929110
1237606086
1237919932
1237955722
1238446402
1238656832
1238924579
1239974770
1240005155
1240255425
1240443596
1240542044
1241009731
1242041465
1242158228
1242659451
1243213101
1243642510
1243763660
1243905865
1243937284
1243984876
1244769233
1244810436
1244965531
1245912174
1245951606
1246212076
1246382671
1246796579
1249026455
1249604324
1249628379
1251165014
1251479743
1251581304
1252177840
1252612665
1252817556
1252967535
1253375423
1253801471
1253964460
1254010821
1254031986
1254177918
1254243106
1254392385
1254734248
1255233596
1255486260
1255885139
1256088698
1256773366
1257737389
1258753654
1258839897
1259567549
1259858577
1259911019
1260549767
1260912221
1261005281
1261366268
1261663005
1261693421
1263129279
1263199290
1263463287
1263547171
1264000531
1264747139
1265305625
1266041854
1266685265
1266735294
1266847400
1267648199
1267973113
1268210416
1268296668
1269048018
1269131741
1270289698
1270416750
1270608057
1270662338
1270709188
1271454091
1271743515
1271979566
1272027348
1272101959
1273749733
1274705117
1274797667
1274803100
1275427070
1276055212
1276194403
1276447286
1276681473
1277530980
1277954021
1278505726
1279208554
1279621576
1279991503
1280054272
1280106434
1280426458
1280921098
1281014624
1283097176
1283652004
1283873459
1284561735
1284640116
1284887764
1285643138
1285896961
1286250967
1286337243
1287705102
1287924951
1288181268
1289403894
1289617613
1290440990
1290707251
1291353657
1291428776
1291744486
1292051695
1292600537
1293517552
1293766322
1294215174
1294337690
1295089202
1295461842
1295704103
1297518400
1297803262
1297921469
1297974525
1298688831
1298704551
1299987191
1300851038
1301066235
1301614245
1301690588
1302849783
1303811052
1304262411
1304354331
1304540670
1304746996
1304958011
1305010754
1305330674
1305599742
1306245643
1306438677
1306453864
1306585420
1307504569
1307947056
1308779461
1308832421
1309622643
1309977146
1310764720
1310968646
1311038624
1311240391
1311433769
1311997252
1312288719
1313067895
1313207143
1313537464
1313728574
1314020251
1314134828
1314599926
1314649104
1316096936
1316111415
1316154117
1317041876
1317104427
1317191254
1317273418
1317432526
1317573249
1318220315
1320256100
1320426577
1321075705
1321642410
1322228447
1322482969
1323284814
1324620804
1325295660
1326092012
1326764744
1327765841
1328311059
1328371338
1328412266
1328884243
1329000900
1329213539
1329836612
1329869082
1330027371
1330298607
1330434052
1331041949
1331702527
1332279542
1332631227
1333328976
1333629681
1333796022
1334132885
1334195864
1334495717
1334585571
1334699763
1335377447
1336276573
1336371652
1336634944
1336972014
1337159043
1337779798
1337937103
1338078403
1338098630
1338762598
1338767436
1339171281
1339357727
1339402111
1339665958
1339841219
1339938956
1340198616
1341078722
1341841297
1341853159
1341923094
1341955208
1342701073
1342890247
1343153135
1343323710
1343495237
1344124583
1344277376
1344737087
1344990689
1345395595
1346403114
1346460627
1346472320
1347703544
1348694681
1348832744
1349346714
1349590779
1349947028
1350777848
1350810154
1350906943
1350936269
1351120066
1351330260
1353024514
1353498702
1353512145
1353718785
1353767094
1354788663
1354949851
1355229093
1355860278
1356098882
1356940852
1357325209
1357393221
1357513140
1357546304
1358356667
1358678783
1358945355
1359021722
1359171244
1359648169
1359916386
1360573764
1361110627
1361607861
1361659212
1362107352
1362249760
1362950437
1364198317
1364475143
1364748502
1365902827
1367100116
1367813142
1367926020
1368114648
1368840454
1369089840
1369096065
1369460278
1369861163
1370090572
1370198574
1370547280
1371264432
1372404005
1373666056
1374243209
1376163717
1376299722
1376513185
1376814922
1377195841
1377395088
1377945594
1378092078
1378330033
1378642175
1379473060
1379551095
1380158207
1380260483
1380660475
1381370419
1381517275
1381525020
1381798559
1383613867
1383956085
1384898958
1385089646
1385635875
1386216286
1386944202
1386973043
1387340423
1387851984
1388334877
1389533164
1389666738
1390318424
1390388609
1390825938
1391247100
1391975921
1392678324
1392712000
1393008074
1393401438
1393432789
1393554585
1394223102
1394387400
1394571552
1394736492
1394743439
1395189533
1395723634
1396655178
1397808205
1397997296
1398316564
1398359174
1398391254
1398890930
1399905231
1400321938
1401116286
1401627324
1401780455
1402410101
1402449123
1402531010
1403175529
1403180506
1403403956
1403782750
1404170830
1404509204
1404594519
1405735585
1405964064
1406511073
1406805778
1407242245
1407302989
1407500761
1407596522
1407712828
1408166524
1408185831
1408486415
1408910426
1409093468
1409279911
1409283540
1409350730
1409676577
1409982122
1410405051
1410682531
1410835868
1411316797
1411459520
1412568095
1412641073
1412928895
1413685827
1413743833
1414466207
1414613915
1415629303
1417300688
1417453297
1417529068
1418864752
1419030312
1419279896
1419874863
1420528255
1420909668
1422062386
1422604958
1422719207
1423357667
1423806766
1424054937
1425201240
1425412315
1425755800
1426036208
1426272209
1426778074
1426801711
1427071209
1427112821
1427223756
1428137825
1428631039
1429698498
1429757905
1429951129
1430069948
1431025297
1431912393
1432305480
1432430756
1432449226
1432852941
1432912948
1432951424
1433004249
1434855291
1434882764
1434937481
1435169943
1436401807
1437037983
1437449145
1437896679
1438189744
1439068574
1439234723
1439281076
1439784932
1440047687
1440073031
1440328772
1440420675
1441098781
1441103523
1441722074
1441982934
1442173052
1443171780
1443996964
1444058244
1444074934
1444338520
1444637798
1444708470
1444757286
1445210459
1445757055
1445775660
1445874240
1446059440
1446363706
1446432477
1447137174
1447239482
1447826677
1448397802
1449174587
1449237301
1449477408
1449675099
1449681779
1450002956
1451491975
1451530903
1451965976
1452864760
1452955581
1453547643
1453772200
1454069502
1454916756
1455126583
1455127487
1455813587
1455992843
1456346253
1456892712
1457037628
1457175717
1457712051
1458764842
1459026568
1459119718
1459785874
1460400465
1460643330
1461411200
1461886703
1462460758
1463210966
1463471262
1463693725
1463923385
1465175314
1465264184
1465356944
1465575254
1467430939
1467763716
1467783901
1467927831
1468032881
1468447046
1468642770
1470370031
1470675936
1471261155
1472593393
1473384139
1473738762
1474687466
1474800936
1477120646
1477973088
1478051907
1478285168
1479645477
1480297483
1480864609
1481482181
1481788950
1481872762
1482601993
1482778172
1483016559
1483362817
1483938505
1484321303
1484429582
1485057395
1485062623
1485391534
1485961026
1485993871
1486530441
1486865196
1486884423
1487088288
1488505084
1488695308
1489839067
1490088722
1490157443
1491244358
1491540852
1491832781
1492160025
1492312742
1492380257
1492385130
1492477286
1493039392
1493370452
1493707239
1494143196
1495005947
1495926105
1496107686
1496979632
1497507102
1497526230
1497594991
1497929392
1498584927
1499041825
1500022894
1500822125
1501769650
1501987585
1502001886
1502544471
1503373751
1503409238
1503473410
1503938716
1504488719
1504535525
1504706911
1505352380
1505916349
1506193471
1506405135
1506499482
1506554861
1506876069
1508423929
1508593539
1509705501
1509814195
1510380200
1510410059
1510496984
1511542008
1512005169
1512051280
1512329660
1512417296
1513826961
1513872411
1514034741
1514151275
1514851261
1515433373
1515452003
1515758923
1516622568
1518765818
1519051451
1519351892
1519659208
1520313644
1520441236
1520852800
1521048198
1521790914
1521827165
1522158990
1522691407
1522846182
1523047567
1523277502
1523989736
1524008338
1524040458
1524239372
1524927544
1525090946
1525562462
1525881300
1526109490
1526494342
1526766653
1526885384
1527131977
1527844264
1527858536
1527899881
1527988995
1528202872
1528702267
1529421010
1529504218
1530013693
1530232294
1530944823
1531048267
1531060284
1531337912
1531485922
1532062200
1532312754
1532337998
1532620812
1532760360
1533185987
1533419939
1533960754
1534272329
1535206657
1535714360
1535978061
1536769315
1539096076
1539554059
1540304897
1540410776
1540580561
1541190620
1541902932
1542257184
1542360695
1542482451
1542533672
1542879125
1543345284
1543709666
1544473103
1544831421
1546035286
1546357275
1546619961
1546722791
1547063705
1548165274
1548187920
1548244766
1548303822
1548649077
1549437062
1549973276
1550996783
1551639943
1552011281
1552500509
1552523276
1552889588
1553435060
1554902086
1554908312
1555142971
1555812781
1556069253
1556216870
1556736446
1557514469
1557606242
1558180198
1558595448
1559105891
1559290351
1559996152
1560643610
1560649952
1560900032
1561180311
1561858595
1562380825
1562736381
1563122491
1563636335
1564362925
1564577325
1564638056
1564680225
1565712041
1566405395
1566722243
1567144765
1567981678
1568580829
1568720796
1568793890
1568923220
1569257025
1569484059
1569905671
1571641850
1571793390
1571980920
1572428489
1573176209
1573717645
1575452557
1575840368
1576804955
1577151323
1577378540
1577891996
1577903117
1578977905
1579410985
1580017381
1580066284
1580584979
1580798019
1581546031
1581552585
1581731350
1581970893
1582720583
1583493286
1583524302
1583530945
1583791422
1584254478
1584801014
1584919721
1585211659
1585232906
1585814286
1586444600
1586871104
1587111131
1587768639
1588021386
1589202267
1589262732
1589488355
1589672200
1591035397
1594245508
1594738934
1595012073
1595304513
1596522758
1597242268
1597826080
1598270165
1598698694
1598919646
1598922558
1599001832
1599168444
1599306228
1599692484
1599738780
1599900782
1600346485
1601238514
1602596987
1602807902
1603022217
1603162230
1603909381
1604270671
1605881400
1605978887
1606001794
1607146876
1608269919
1611344258
1611805479
1611984298
1612265583
1612431440
1613699677
1614111213
1614181388
1614628883
1615361099
1616360358
1616375855
1616752796
1617215245
1618227462
1618478011
1618644108
1619883297
1620173097
1620319723
1620467791
1621141308
1621466650
1621645745
1623152662
1623551265
1623934564
1625102762
1625194420
1625858556
1626361523
1626565277
1627060323
1627621093
1627692068
1627708858
1627842433
1628643824
1628679686
1629428634
1630599525
1630619230
1631061769
1631917343
1632145798
1632216450
1632809425
1633061472
1633837974
1634157454
1634687734
1635069548
1635402739
1635971438
1636312306
1636418915
1636574717
1637437418
1637582266
1637787756
1637794653
1638467406
1638720765
1638796698
1639203697
1639252936
1640704758
1640792936
1640918918
1641248915
1641373491
1642771410
1643106150
1643247339
1643754615
1644020236
1644064400
1644778976
1645050954
1645111677
1646023145
1646691347
1646744412
1648037425
1648327453
1649028636
1649873203
1649986577
1650543352
1650909121
1651278411
1651348807
1651432371
1651945529
1652764800
1653313887
1654445896
1655092282
1655433200
1655648099
1655928901
1655984820
1656497677
1657862678
1657969831
1658559147
1658600106
1658753699
1659243096
1660026247
1660789816
1660821531
1661142970
1661357430
1661896119
1662085167
1662143852
1662148191
1662772902
1662897749
1664099570
1664190513
1665294000
1666293814
1666685356
1666802252
1667053955
1667511480
1668311816
1669207604
1669382662
1669786857
1670112625
1671447888
1671924676
1671977327
1672344659
1673393166
1673757944
1673962189
1673982767
1674213602
1674759376
1675635958
1676253836
1676574836
1676783421
1678046443
1678409045
1678655703
1678960090
1680148851
1680161948
1680197552
1680620728
1681530986
1681556988
1681943728
1682824139
1682848739
1683239308
1683417966
1684426538
1684526098
1684789476
1685211837
1686079919
1686200060
1686319091
1686409672
1686468220
1686591927
1686698479
1687982642
1688055217
1688358515
1688706610
1688859076
1689288408
1690672148
1690898664
1691027604
1692067148
1692107423
1692227484
1692251786
1692462449
1692837643
1692972837
1693643571
1695058991
1695148568
1695367080
1695766375
1697461662
1698129402
1698262109
1698389967
1698410647
1698455392
1699606957
1699610566
1699895783
1699937447
1700221024
1700436791
1700646802
1700671134
1701713215
1701885944
1702584906
1702804180
1704150270
1704232631
1704409895
1704687522
1704755419
1704891210
1705005558
1705065320
1705788849
1706131277
1706369918
1706631279
1707107166
1707286908
1707299855
1707945315
1708046992
1708087246
1708325722
1708382028
1708971834
1709629653
1710087063
1710392081
1711396286
1711848936
1711943621
1713415457
1713756201
1714109504
1714147296
1714219254
1714704673
1715254042
1715376868
1715721094
1715761112
1716176788
1716235516
1717957661
1718901214
1719332339
1719398871
1719751085
1720388568
1721220430
1721564087
1722949569
1723029006
1723538006
1723868937
1724010324
1724118470
1725074904
1725177761
1725242846
1725278668
1725974681
1726502862
1726536955
1726570043
1726659316
1726967377
1727088015
1727155202
1727948714
1728278639
1728461837
1729255479
1729968256
1730754918
1730895450
1731067314
1731628906
1731758050
1731777045
1732162453
1732322343
1732891513
1733384630
1733605762
1733758162
1734177449
1734192169
1734610322
1736358828
1736405236
1736469744
1736481917
1736578011
1736983271
1737345060
1737567515
1738173453
1738220605
1738376984
1738505150
1738778490
1738951214
1739142637
1740915373
1741121101
1741139982
1741150402
1741499190
1741750620
1742344598
1742410011
1742664491
1742691247
1743797212
1744074112
1744485869
1744995736
1745038831
1745214357
1745696835
1746028338
1747098522
1747596671
1748760680
1748806671
1749125961
1749306286
1749419665
1749625470
1750869873
1751130729
1751524523
1751665996
1752197064
1752683312
1752692906
1752798506
1753519370
1753555728
1755345992
1756469503
1757047430
1757102261
1757302767
1757379631
1758626308
1759348729
1759393756
1759493121
1760102155
1760128600
1760287405
1760398490
1761394208
1761603637
1761687474
1761932485
1762548921
1762576206
1764160772
1764650726
1764796772
1765979847
1767192102
1767582427
1767612971
1768221656
1768344985
1768594499
1768660683
1768917551
1768986004
1769264921
1769435562
1769956909
1770295704
1770583522
1770984350
1773213901
1773870037
1774049109
1774208556
1775024478
1775385637
1775390813
1775413551
1777142747
1777278730
1777624840
1778200362
1778505054
1778786054
1779155418
1779635234
1780001023
1780547308
1781605848
1782232783
1782881279
1783152642
1783340685
1784448613
1784947627
1785008185
1785370916
1785745298
1785824349
1786361368
1786975670
1787164729
1787903509
1788393857
1788475200
1788778890
1788959576
1788967968
1789515599
1790160501
1791223246
1791467233
1791991431
1792505179
1793226290
1793572359
1793786637
1794633123
1795378866
1795394327
1795734638
1795798720
1797027552
1797204178
1797741218
1798475183
1798489056
1798687407
1798946376
1800157808
1800536871
1800808421
1801113353
1801436451
1801447949
1802241190
1802257971
1802259219
1802612046
1803114177
1804365713
1805080672
1805851972
1806065521
1806583512
1806831002
1806905514
1806968964
1807118686
1807802744
1807847921
1808263229
1809082881
1809231240
1810320900
1810467613
1810522494
1810701913
1810780218
1811744967
1812214885
1812835562
1813032691
1813947378
1814620534
1815693583
1816107123
1816700881
1817352050
1818381735
1818386066
1818520498
1818566561
1818814102
1819030156
1820630959
1821064356
1821203319
1821231591
1821888887
1822417853
1823116677
1823316180
1823832416
1824241848
1825587145
1825905842
1826042949
1826794013
1826826350
1827077767
1827248491
1827255216
1827522723
1828049888
1828321457
1829431992
1829574311
1829954232
1830022967
1831122182
1831282858
1832363925
1832880636
1833107028
1833263171
1833939204
1834646963
1834938525
1835845727
1835914917
1835920442
1836918327
1837011069
1837989695
1838412888
1838452250
1838753542
1838953367
1839887650
1840345173
1840665692
1841100521
1841218440
1841937414
1842355799
1843900452
1844176805
1844504205
1844840634
1845365050
1845859913
1846287180
1846616547
1846644703
1846955047
1847264621
1847655275
1848165801
1848353204
1849223048
1849252299
1849337249
1850193394
1850513294
1850692611
1850774258
1851397120
1851447326
1851607199
1851960166
1852150937
1853632088
1853784315
1854120315
1854337240
1855199754
1855499827
1855996450
1857243046
1857515360
1857626402
1857653621
1858007140
1858213210
1858519429
1858598165
1858621664
1858674171
1858818542
1859251682
1859300147
1859722863
1860952479
1861427917
1861793686
1861921433
1861929133
1862326125
1862679874
1863142800
1863224360
1863362279
1863430567
1863559302
1863742169
1863777967
1864921067
1865143644
1865667353
1866839415
1867190518
1867328049
1867493378
1868386062
1868415475
1868634150
1869057491
1869387483
1869577199
1869685464
1869873510
1870170802
1870294486
1870337820
1870903340
1870912637
1871017468
1871542864
1871635882
1871745901
1872058650
1872520882
1872930564
1873297865
1873999696
1874309646
1874702612
1874904137
1875893761
1875985143
1876049733
1876135756
1876906263
1876996971
1877251565
1877362111
1877936015
1878147888
1878549581
1878938888
1878998054
1879324043
1879489935
1879932268
1879939370
1879959046
1880491951
1880747585
1880802317
1881499052
1881712302
1882393018
1882829959
1883150992
1883596586
1883632282
1883865236
1885430686
1885697720
1885711956
1885916088
1886178875
1886342553
1886468249
1886550712
1886624791
1886857039
1889174448
1889444528
1889489813
1889527572
1890594982
1891024741
1891517906
1891602243
1891756016
1891937799
1892308450
1893858795
1893993814
1894343329
1894743520
1895215966
1896094463
1897198661
1897474328
1897794285
1897834269
1898228524
1898332302
1898618986
1898992548
1900397215
1900767076
1901435553
1901815741
1902455929
1902710006
1902799997
1902931396
1903266612
1903419798
1903682395
1904076398
1904581018
1905487473
1905722655
1905735312
1906360006
1906584403
1906741536
1908111992
1910960123
1911512863
1911546955
1911575329
1912059210
1912083626
1913219270
1913923543
1915065072
1915293208
1915767709
1916732428
1916956998
1917473083
1917788876
1918375519
1919229169
1919330222
1919676402
1920067920
1920135732
1920340942
1920464120
1920603849
1921063491
1921496025
1922811153
1924330763
1924710439
1925027235
1925168764
1925880242
1926207319
1926502110
1926608932
1926867115
1927121916
1927651092
1928115717
1928830270
1929198277
1930028740
1931222225
1931286257
1932078992
1932333785
1932565128
1933493084
1933647203
1934157858
1934649652
1935262628
1935653773
1935712036
1935970474
1936163982
1936495391
1936895966
1938550987
1938777952
1938907227
1939036006
1939171849
1939722064
1940607839
1940688631
1943416624
1943495842
1943861300
1943870691
1944355270
1945373244
1946073360
1946287751
1946352350
1946825705
1947617764
1947776877
1948318816
1948573414
1948875606
1949412007
1949690178
1949926508
1949933987
1950645004
1950998781
1951726876
1952099717
1952323939
1953732607
1953766028
1954224638
1954973065
1955447582
1955601554
1955772348
1956019439
1956758588
1957134434
1958190694
1958279525
1959321876
1959711804
1960525110
1961013686
1961033930
1961205666
1961572628
1961675273
1962003665
1962558759
1962748844
1962815834
1963104440
1963848345
1965262155
1965844877
1965852569
1965878266
1965935770
1966162258
1966433342
1966471967
1967042079
1967180156
1968879599
1969085835
1969286639
1970242816
1970703270
1971112016
1971165368
1971293046
1971466145
1971564715
1971571740
1971897450
1972792583
1974560353
1974859471
1975025307
1975555902
1976179308
1976573513
1977278477
1978283414
1978391727
1978886535
1979033253
1979167748
1979819430
1980939733
1982409001
1982836097
1984395325
1985635749
1985931276
1986226190
1986435463
1986620161
1987504256
1987568828
1987893307
1988413439
1988816577
1988932511
1989113843
1989547085
1990275383
1990733234
1990854204
1990975349
1991091616
1992093479
1992578144
1992636836
1993819703
1993901085
1996263928
1997267673
1997567218
1997767943
1997869901
1999302156
2001182510
2001651786
2001695119
2001986418
2002740059
2004381461
2004526740
2005118770
2005806445
2006605687
2007580044
2007833079
2007892544
2009127938
2009991591
2010682147
2011394089
2012064674
2012680269
2012786644
2012818209
2013030259
2013414368
2013604729
2014463178
2015623484
2016027698
2016140375
2016370615
2016669852
2017337461
2017548912
2017692179
2017776895
2018193548
2018457918
2018979821
2019814488
2020344495
2020374132
2020439231
2020561265
2020564105
2020692659
2020838386
2020886812
2021337829
2021921089
2022103339
2022428096
2023359902
2023877288
2024487606
2024672481
2024775616
2025507673
2026675190
2027596682
2027862208
2028113421
2028311463
2028336464
2028726964
2028764788
2029128504
2029692040
2030044536
2030300282
2031005671
2031167290
2032602116
2032634950
2033427110
2034106681
2034149021
2034157988
2034616740
2035395668
2035808950
2036610676
2036814586
2038012945
2038050934
2038062559
2038589373
2038831662
2039204962
2039228284
2039688325
2039815011
2040131099
2041790585
2042713110
2043186927
2043265978
2043594263
2043679308
2043935573
2044337047
2044709475
2044778408
2044947836
2044970491
2045214319
2045800539
2045945305
2046854693
2046932796
2047443910
2048210713
2048358883
2048696994
2049097954
2049445617
2051048271
2051404873
2052196627
2052374869
2052438999
2054793091
2055493088
2055556801
2056004264
2057164093
2058320535
2058487778
2058891079
2059178562
2059607721
2059686163
2059820269
2060920121
2061205309
2062260361
2064173358
2064514780
2064774912
2065637322
2067174130
2067815469
2068444839
2069191933
2069299921
2069987953
2070613806
2070657941
2070768688
2071930702
2072835814
2073378013
2073734634
2075391318
2075512765
2075899154
2076352007
2076383508
2076737459
2077305935
2077828651
2077846152
2078178236
2079638244
2080187638
2080235764
2081977287
2082244070
2082613810
2082852211
2082966452
2083419027
2083466725
2083818520
2083858506
2084143882
2084373613
2084408136
2085126695
2085984287
2086106407
2086674667
2087169084
2088210295
2088537424
2088584230
2089726068
2089996792
2090214820
2090249528
2090346818
2090639811
2091981059
2092181698
2092641905
2093292296
2093973260
2094405507
2094479321
2094915790
2095437815
2095565134
2095684046
2097457826
2097471495
2097760514
2097941462
2098071521
2098486820
2098653353
2100609172
2101340617
2102301758
2102837867
2102988767
2103236826
2103692262
2104153561
2104772451
2105351206
2105782969
2106142769
2106324918
2106572754
2107171982
2107218904
2109216416
2109402934
2109544047
2109565579
2109608989
2110039825
2110811551
2111178161
2111294849
2111527931
2111597503
2112490803
2112921049
2113021028
2113518456
2113593013
2114177845
2115035295
2115649153
2115738135
2115871470
2116183244
2116732906
2117861219
2118348972
2118373499
2118383014
2118672037
2119190102
2119456861
2119671185
2119832038
2120357864
2120701158
2122269383
2123775218
2124266221
2124757740
2124794195
2125143003
2125414922
2125652753
2125972398
2126139284
2126666749
2127113268
2127639304
2127679736
2127864443
2128384396
2129455391
2129648879
2129680549
2129882020
2129935581
2130179154
2130326516
2130688568
2131086586
2131302272
2131443503
2131500844
2132007876
2132058668
2132348684
2132557951
2133932950
2134114054
2134221344
2134485534
2134878889
2135409963
2137018309
2137159421
2137766269
2137998399
2138260858
2139241085
2139652949
2139960305
2140332002
2140973649
2141910772
2142357010
2142546414
2142715537
2142785432
2143166775
2143866668
2144882430
2145070278
2145325932
2145413187
2145668111
2145989188
2146827195
Elapsed time: 0.020216 seconds
